$ANSIBLE_VAULT;1.1;AES256
38346538393338633236623263326339323330306633353032326266616565313339666132353438
6631326237393133353233643838346264653161303030610a333032366637313339623237643836
35393131326537656332353736636463616134386333613164353766303562313636333735346337
6235303466663630330a633638373333306163336434333637396562643432356238326533646333
63346131393539373964313031333766633434353639343134363261333561393136663636333163
38346561653061613138626663333565326265323662643862653133363434323230323865393461
64393735303566643230333739373163346436616564663332353161656161396431376530636334
37313734343764306630333434633463323465353561383532656632313039643463656338343230
63303539626136663964653635633863303166356466613462643738306364656332653733333064
30383165383935646539373438646230373033346633633932646263623435396137323865333963
64383162633363616466353031653537623832646636306238333737343030333332633635306437
36666137326362363561646365376635333135613237383239656434383364653666396234363639
34343465366536663731383235623431306135353563303830623737336636353462353730383964
31366335396436623339633238383333643737313438633336313730346236316538663731333436
32366562353939336230343437366161623136383165646532306437623534623464366132613561
61326161356661633936626239663639396532353733366364393130653739393332663233613030
64613235626137643430663265633938653462316665646662613932393036323064386438373861
30366538343662306531346364356331663864663435366366306463376661646539376237393636
32643365313637613733306339346262663664336637663931646439633363613232306530303936
37666230313338336531383364383635326162613938373364663266326637656662633463626433
39336634653137376437613364313965366335623964666539306236643266346232613830333730
66303066666632663533383932363333393838383862303932373132633933616237313236653731
36376537313066663239383561356161643430373663653633646333613566656438373732316534
63643763346434386530653735326436356431353830636333613336616635666165323234383034
32336431306161356239623730666235663062363631636538346262663563353036
